-9.523789861547002911e-01
6.991611663474028848e-01
-9.375263693115523100e-01
-9.603565399447131501e-01
-8.183292403118658243e-03
-3.942872593731052699e-01
4.165656342972292592e-01
-2.657234800191154989e-01
-9.856385176419464322e-01
-3.939951886632098166e-02
-4.534813286169914193e-01
5.208712549334570951e-02
5.450154008691843188e-02
-4.704960944361424868e-01
9.459089352723080157e-01
2.729823908121644660e-01
7.357551845010701363e-02
5.131745895620334341e-01
9.832134444368521020e-01
4.307697922531723567e-01
2.693116457886730597e-01
8.461290655322935006e-01
-8.012430501402894034e-01
3.255525897223146004e-01
6.112792170195178176e-01
-8.455897577141766597e-01
8.851581515719841864e-01
5.878181320433861767e-01
4.024396790940070190e-01
-3.976556388238132733e-01
-7.516865966892707362e-01
6.642407943978125839e-01
-5.198185541424276135e-01
4.311344043682567850e-01
8.708069967311387050e-01
-2.312484477593710341e-01
-1.711488620764509694e-01
-9.757671119420712191e-01
8.237539319632223300e-01
9.086858750332815760e-02
-6.605956801244514676e-01
8.769027803245721397e-01
7.060549004083152003e-01
5.077079145071567989e-01
-8.501034912250595710e-01
9.792868162738994631e-01
-7.549382767975072461e-01
2.923497522779072710e-01
8.089461316000923219e-01
7.296997405440455164e-01
5.436385306832931530e-01
-5.331210138718021074e-01
7.123577349121288371e-01
-9.865553671262183855e-01
7.626448571965616097e-02
-4.354573304755933183e-01
3.638913799652114811e-01
-8.271167043263925045e-01
-1.085410469066583339e-01
7.638342444226740025e-01
7.522842415692403417e-01
4.852508537969624225e-01
2.105790123773056965e-01
8.523403576760195666e-01
8.971051166723498227e-02
-4.164421047784023777e-01
9.676100941834202551e-01
-2.409312875932798637e-01
-2.017386536893484017e-01
-8.572266661739291749e-01
2.242481579012196580e-01
6.667114032521095357e-01
-9.928101240612476897e-01
1.838417746030045485e-01
-9.529441290553817279e-01
7.157888010617674546e-01
-3.018464422478477349e-01
-3.336585315067950308e-01
-3.858321222033882503e-01
-4.605203820301313478e-01
1.425600535175761685e-01
-3.118025047600796462e-01
3.028614492417633919e-01
-6.201617700656907317e-01
-2.831445410362534165e-01
3.392361448433165450e-01
6.860693815290119790e-01
3.804833400706655322e-01
-9.771673001678264914e-01
-5.031533194311104129e-01
2.868201838194073261e-01
-5.632793992788176496e-02
3.358972862961076000e-01
-6.449108701278816191e-01
-9.824478774042382234e-01
-5.393393105223900363e-01
7.848921502683749996e-01
-1.455599087073893294e-01
-3.546406609471646210e-01
-1.299326116945553888e-01
2.384762248920793137e-01
-6.511635088526279702e-01
2.959401351185881879e-01
-4.512775736735479271e-01
-2.859717249805577843e-01
6.462974632514646434e-01
1.401936958675684686e-01
2.951876488862119619e-01
3.140912226089120907e-01
5.531851366065383413e-01
-9.266067498302521521e-01
-9.054725218553312249e-01
3.170575546926059918e-01
-9.240436494035715320e-01
-8.391986671966256139e-02
2.296203168804478167e-01
-3.278226146777267758e-01
-4.041758089726914527e-01
7.867392901097569613e-02
-6.156407460577610902e-01
-9.845816135278171455e-01
-5.344611542406374483e-01
-8.680686173032616804e-01
1.245608096292991629e-01
-4.677653277570998913e-01
-5.790519984164022027e-02
6.223336568404462810e-01
2.661256951419603833e-01
-2.094321321610119746e-01
2.634782181259776035e-01
-9.831803020155924777e-01
-4.750803210361762563e-01
-8.688360206653495954e-01
-8.255797488614480262e-01
-9.853340982859344344e-01
-2.152354948610821772e-01
-6.153132452546095088e-02
5.584421127291816500e-01
4.054673441626068797e-01
-6.369671999086834457e-01
-1.670295301230206864e-01
-8.453877505571849582e-01
3.961491679173749780e-01
5.926690456042740252e-01
-1.471809539900048591e-02
5.346637528703996889e-01
8.818850868220557970e-01
-1.591249724269991894e-01
-3.427393084126426626e-01
7.463569505240550406e-01
8.835261690339424323e-01
-4.272541770357758395e-01
-4.094252477510313959e-01
7.338333502448963763e-01
4.657516309369347240e-01
7.409927838176917358e-01
9.436561590462488880e-01
-3.261838176317739535e-01
-1.830026419097834367e-01
-7.250965429626698988e-01
3.801900137098499499e-01
6.995639415012542273e-01
-9.150489058424298161e-01
-5.092281926744224307e-01
2.169683206524315455e-01
3.469184214451639381e-01
-3.914957174398236983e-01
4.582883500721073311e-01
-2.858718755455804672e-01
5.885531404860744331e-02
2.622445421681258715e-01
6.505978801788492305e-03
4.030930570895525644e-01
8.853932103229922301e-01
-9.997073459379490767e-01
-3.924897202905179849e-01
3.279311708118852753e-01
-2.254423891619994347e-01
-3.539095795811191270e-01
-3.426631760703393592e-01
-1.711866001906299228e-01
-7.461834167983527610e-01
-1.435744617907821485e-01
-9.754428975605657914e-01
3.187542734683268542e-01
-9.773347119493096535e-01
-9.795919400832397983e-02
7.197671745545541899e-01
-8.246392760845766556e-01
8.919549273334221873e-01
6.832935430801334586e-01
9.754390696855597120e-01
5.147844103498044888e-01
9.561921220131868182e-01
-1.952589468183900667e-01
2.442853091223804451e-01
-3.622203568265351947e-01
8.943804058156206160e-01
9.716876422318079243e-01
5.576099475161253594e-01
-1.055404809760855933e-01
-7.847364241481817881e-01
-1.244368617237454622e-01
3.165337318375480713e-01
3.273331738241780364e-02
5.724193847059448892e-01
-2.407020086175752915e-01
4.652312470945145773e-01
-2.341125286758007906e-01
-2.896985501489066639e-01
1.532195834143412760e-01
-3.520618822355634503e-01
2.804145675089229073e-01
7.233428163878197203e-01
-2.908668746663274352e-01
7.730540038894897492e-01
5.943401864515693855e-01
-2.966726240935095849e-01
7.153491879479869642e-01
-1.845049035934922532e-01
8.638475078301850463e-01
-1.463853310895959492e-01
4.282137080362393711e-01
7.743077271898950453e-01
6.266002768941403289e-02
3.457809851007043189e-01
2.973136928216673081e-01
-1.035900806890643899e-02
-5.474186936368794498e-01
1.134705889691001168e-02
-7.280609038069751904e-01
6.360920347973202382e-01
-7.710934785089587074e-01
8.760845569299493540e-01
-5.421394665330321327e-01
-7.484144301707622571e-01
-5.785013736509305726e-01
9.604845574924691931e-03
7.950123538378408572e-01
1.476301821474033105e-01
4.464981513348382780e-01
2.544884008121814922e-01
6.574775394073806289e-01
7.167544722934409140e-01
7.079599389585280456e-01
-4.836109488628714814e-01
-7.427453406645088130e-01
7.859069195546997122e-01
7.441614741539774869e-01
3.238412894336293313e-01
-6.731323896407215290e-01
-5.361707087067153488e-01
2.762141695384070506e-01
3.989837924569687999e-01
-9.153577186881614036e-01
-6.636733487173378521e-01
5.999070473383940616e-01
-5.875396363936149502e-01
-1.405376320442595084e-01
-9.228682361503843801e-01
-8.713422384115159236e-01
2.438468707579279915e-01
-5.619092383104073996e-01
6.979937875832962213e-01
8.320667418632026191e-01
