-9.718249682037871651e-02
-9.315253066744944022e-02
1.116395601674498028e-01
1.461919690245250258e-01
6.521903230221786085e-01
1.905362730727453435e-01
5.073428943335622776e-03
-6.286278845829440520e-01
-9.985032702937135518e-02
-1.860324355502513960e-01
-5.692910662301597924e-01
2.420883876858332950e-01
-6.296946447285238779e-01
3.908159544793901041e-01
-8.475573754275513849e-01
1.434062499355603926e-02
-2.463813653806641302e-01
-9.219090357071926256e-01
-7.068823086252975507e-01
-9.029169215546417604e-01
7.326604060291519449e-01
2.421265217166093109e-01
-7.595589671752644989e-02
-7.323857548865873035e-01
9.028119030004280177e-01
-5.657521441456574429e-01
5.182279977201689203e-01
-2.120562590503283218e-02
-8.726447754574788718e-01
-3.492696623708124726e-01
-7.172464058691299105e-01
3.019791398478397504e-01
-3.403271582422133790e-01
-1.651292740464416209e-01
-3.323174550241076997e-01
-8.338286914295711671e-01
7.716709666526424538e-01
3.565701450352039004e-01
1.278867541319028689e-02
-7.748091590713459542e-01
6.764736366708765658e-01
7.291876485067279035e-01
9.110152596809970582e-01
2.496400190027636690e-02
-2.968969289011520463e-01
1.595988195207171945e-01
-7.398645741107603424e-01
-9.965622534584377412e-01
-4.026802635673019104e-01
-4.224646616412561784e-01
-3.157306931468690792e-01
-6.103251310210160430e-01
-2.833345010738663738e-01
-9.869562534112641394e-01
-9.654292514825058014e-01
-2.505390803423206414e-01
2.731448874698072515e-01
3.692811111405867042e-01
5.491460726288579508e-01
1.340119098916792151e-01
-3.941588203809245350e-01
-4.346128052391076135e-01
-6.818918011492449693e-01
-6.088392648362490611e-01
4.694536051392819154e-01
4.955184471260916101e-01
-5.555588994468170227e-01
8.599827189055229137e-01
-8.806573261285546295e-01
6.567888119030316219e-01
-5.885311798677848039e-01
-3.773592427961074414e-01
7.179332079270341893e-01
9.266345013557069077e-01
-1.064079135927604725e-01
-1.547647847945610167e-02
1.466308603401711430e-01
-7.281869046954503322e-01
-1.990310318898098618e-01
5.220821315789845318e-01
-6.311789911082865689e-01
2.878830703308405958e-01
-1.784787864450123607e-01
1.153442206637351752e-01
-5.901158456034862887e-01
-1.979275060881817705e-01
2.708696480904404513e-01
1.932027253444439374e-01
-2.324091507257191047e-01
-5.068974063689013487e-01
-7.085195333510534432e-01
-8.132641074048061469e-01
-8.375076783902457578e-01
-8.832987998208914338e-01
9.094904710744993181e-01
8.300171275377521418e-01
9.220113720181797312e-01
3.697655381520057460e-01
-2.947480178724304345e-02
-1.436458299106695424e-01
-5.183711846488090469e-01
-3.576498517774113761e-01
-3.802832478409607919e-01
-8.731473849212665339e-01
2.815483397716558311e-01
4.256865377292011754e-01
-8.741867484574614711e-01
5.540226570662822869e-01
-6.224344155529732969e-01
9.644657283846800322e-01
-8.705813874761245685e-01
-2.243631546441005042e-01
-1.150267983040584863e-01
8.098294672097123836e-01
-8.774392657372995785e-01
8.336581755167205010e-02
-2.954398696586879591e-01
-9.167874780418332481e-01
3.880198411625586097e-01
7.008530975101787686e-01
-6.505246932126111936e-01
-6.816217006934455203e-01
-1.552246446263343405e-01
7.896913991483245354e-01
-9.680883862099902704e-01
-6.017551792859854309e-01
8.283283196670323534e-01
-8.601747714719703009e-01
8.944712584974803260e-01
-4.595208551659528684e-01
9.768853158589800856e-01
1.569871694317233057e-01
-5.690858700535896819e-01
-8.520767244077493974e-01
7.410592373948279299e-01
3.679726666768738941e-01
-7.338353483100277241e-01
6.242152476233824299e-01
5.657792612240202246e-01
2.376711585422033313e-01
-5.583794839153835010e-01
8.819415535767134440e-01
1.164646628500809467e-01
-7.152138114209700692e-01
5.168209045737144347e-01
5.033087596626673044e-01
-8.916490093821822782e-01
9.376441346936741361e-01
-7.021037584930556186e-01
1.963429176143893784e-02
-8.324443776268375395e-02
-2.309067539051297135e-01
-5.772220098557847567e-01
-9.946367408311120872e-01
8.850581622567559315e-01
-6.488588933134542547e-01
-2.631819008668347948e-01
-9.733142223315474073e-01
2.025053135807299842e-01
5.879724806424255767e-01
9.966304639938738941e-01
-5.758139672909512452e-01
-7.374794199379766102e-01
-2.665624845265013310e-01
9.964431398531823358e-01
-2.681497775681505047e-01
-3.084994054608458658e-01
-8.709164071541060093e-01
4.550189581412662498e-01
-2.538153348410476795e-01
8.562456289989655023e-01
7.157023607843366886e-01
-7.966655725969236101e-01
-2.054653716013801201e-01
3.660555147461197478e-01
-4.392275100357290185e-01
9.709265833002658219e-01
-9.933398947542104729e-02
3.502583701794104165e-01
-5.404561151347420100e-02
7.301450495688739384e-01
-1.052907567032441705e-01
8.555244308386544816e-02
1.549672227483729348e-01
8.967879008775703209e-01
9.069895414544442147e-01
-8.992968098418159251e-01
8.031177398515261245e-01
-9.768868656241183057e-01
-4.594438712340287445e-02
-5.159217504040782831e-01
-4.378873752903371663e-01
-5.658077755696904187e-01
6.906982295809336314e-01
-2.725514567109954545e-01
9.017491209027839183e-02
-2.865700168743232634e-01
-2.802346858937587726e-02
-2.273095504089193142e-01
9.835070072854603662e-01
-4.200403077161631860e-01
2.881846435790695882e-01
-5.009806132197855977e-01
-4.056699603137903232e-02
1.813654444292209789e-01
-7.515148199292864817e-01
4.891782561160855636e-01
2.409453220142301344e-01
-8.513798313290805719e-01
3.239453536325820338e-01
8.939802300565897752e-01
2.728952297188800280e-01
3.668532940854045687e-01
9.812952420315395052e-01
1.913187813527648107e-01
-8.254979181224366691e-01
4.758617873968962186e-02
-8.746673629876844380e-01
2.229234845811878252e-02
1.615576136833274390e-03
-4.116390673549090717e-01
5.150825665344391791e-01
-9.812992038816992224e-01
-5.162414692188701526e-01
6.799035824266863592e-01
2.940337352449970965e-01
-1.351257477260507933e-01
-9.704563843473195117e-01
-9.954047932739085169e-02
-3.392399372873498020e-01
7.471468384560808751e-01
-4.600642998550557028e-01
-6.841386008333649738e-01
3.717984975913570800e-01
-2.290887331814064343e-01
-8.614744547673178765e-01
-4.786393657532719281e-01
7.938056407504552325e-01
-6.184125236699735684e-01
-8.965584339978225348e-01
9.204515983540506596e-02
2.429862254275521050e-01
-4.945271853312986909e-01
8.168533010073215639e-01
-9.635417023213388443e-01
-4.529610876727279134e-01
-4.644816541803737930e-01
9.171175178022541452e-01
2.702252634849851010e-01
2.835381879758416268e-01
-5.279329714353955261e-01
-6.961577758091390677e-01
-3.132176198476908091e-01
-4.807546217963938329e-01
-7.443161308238470664e-01
2.427302290345267899e-02
-7.017360805838146476e-01
8.813750730094738195e-02
8.813147449700322600e-01
-5.828525534403012909e-01
-9.946284454668672392e-01
-2.825182647560322557e-01
6.972806769803152616e-01
3.432249309343968768e-01
-5.642866050210584294e-01
