6.206490406033382534e-02
-2.290356530896762166e-01
6.388662491667433940e-01
-2.301932989658239670e-01
8.291922136735101478e-01
6.691738103963542628e-01
-5.415925987046033008e-01
1.820673402429215937e-01
-7.718659534084608698e-01
9.476162391570659427e-01
8.749925495004415854e-01
-6.986972187763689224e-01
-3.243249054745067639e-01
-6.614205196782296792e-01
-4.148571954924791250e-01
-1.454812448073723452e-01
1.452796935506937004e-01
-5.233079699328060386e-01
8.734130811933060734e-02
-3.616270750067056561e-01
2.249819565941062471e-01
4.044741400957545530e-01
-9.301150581150572361e-01
3.141125282373811167e-01
-2.742951982463548433e-01
5.092972570790135212e-01
5.038222899161124424e-01
-9.004050321264820411e-01
2.631287919367819583e-01
-5.526356164320940234e-01
4.976266364353447713e-01
7.874709332302927134e-01
5.824531802882870757e-02
1.875975180915712137e-02
8.405680854476842434e-01
-2.379258622309270432e-01
2.163828810600225694e-01
1.762203170202962799e-01
8.056763092322682951e-01
-5.087787349346999388e-01
-5.911650372074757076e-01
-1.854281951955270014e-01
6.261840724086700227e-01
-8.857812190249569895e-02
3.487056650584887674e-01
9.608688327765277926e-01
6.593929068567996321e-01
1.318533484894373053e-01
3.108037920628303752e-03
6.101256052772359162e-01
-1.877274465639702239e-01
-6.624826672855748111e-01
-9.336855342062768681e-01
-5.370366829708417278e-01
-5.129221078491239538e-01
2.663007930683349844e-01
5.499752411637894856e-01
7.565948232517347716e-01
9.005211446447358714e-01
8.329644393334265651e-01
-6.807032255603795434e-02
-5.066434848269489866e-01
3.727283806025234458e-01
-4.135123942151648357e-01
5.847679630437625509e-01
-2.992482482208405070e-01
7.609040782620597465e-01
-1.148075602570064468e-02
1.848580985166559110e-02
-4.735307334650775690e-01
-5.375703416844666016e-01
-9.019615572622534660e-01
6.261623570822967277e-01
4.803228175005367362e-01
7.302319988923511307e-01
5.719861257349694306e-01
9.064321891081135174e-01
8.137772169928059185e-02
4.970881113440621668e-01
2.099280710961184404e-01
8.347618381742016869e-01
7.001618133686546841e-01
-3.119652738631168987e-01
-5.296668393035723899e-01
-4.181986232982248808e-02
3.090932587350936345e-01
-1.297349563912719717e-02
3.767028435100512329e-01
-2.093053501586612519e-01
-7.477972698928625483e-02
-6.749789998829711646e-01
-3.171048974104011542e-01
-6.308979857726570994e-01
3.844754531785856688e-01
-2.788529492059315107e-01
-6.603487935381922025e-01
-3.942231502615025640e-01
-6.949887036184543287e-01
-3.395632562487316264e-01
9.760472711444803107e-01
1.306018544812055371e-01
9.728477718321844048e-01
8.823672218096592079e-01
5.796429534089506674e-01
3.429192506239175930e-01
8.618510022477712251e-01
-8.800266178800799644e-01
-7.223494436431709964e-02
-4.442902951114862109e-01
-1.357440021419087373e-02
-9.725593714035907222e-01
-6.592459811008497539e-01
-3.028537403060806987e-01
9.062030937088758620e-01
-1.599204695028881851e-01
5.752276543291765520e-01
-1.701702164620391144e-01
6.357712773921415650e-01
-3.237567850374409861e-01
-4.609112218581452591e-01
-3.400858439480658468e-01
-7.213055734907536376e-01
-8.193821757283388241e-01
-9.069894125011328523e-01
4.680378009287553542e-01
1.880056789395654349e-01
7.031830162308443377e-01
-7.979064919531553279e-01
5.729223800669769329e-01
-9.916353699412743250e-01
-4.433341144838156556e-01
3.133115498582057512e-01
-1.380236685939089103e-01
8.766610086499426746e-01
-7.241369308138698724e-01
3.130832474142615229e-01
-6.091869776606699816e-01
-8.211910610354442586e-01
-2.076122543131651010e-01
1.788391177130832510e-01
9.922406660823519520e-01
1.994057998412466226e-01
-2.088940457510661819e-01
7.647621889525677563e-01
8.077995340421417758e-02
9.687248819877363193e-01
-3.430949943280146019e-01
7.460256792182984320e-02
5.817069043082006008e-01
-9.207028052263848128e-01
7.836402985753512240e-01
-1.685112847614420595e-01
-2.951747437601925927e-01
3.387059145336506205e-01
-7.516672670155997160e-01
-7.588305207552159537e-02
2.916730356952634828e-01
-7.015028636175579813e-02
-9.504532329365236176e-01
-1.644225915610071365e-01
-9.485837683882734073e-01
3.992355605716622069e-01
6.797998652932490948e-01
8.371397516887146839e-01
-6.547406254794951863e-01
-9.950435565967177265e-01
-9.808535384210699259e-01
-8.359657387358776504e-03
5.362403283436494306e-01
3.583709243350909901e-01
-1.646319893427332648e-01
-8.382672454630260006e-01
-1.691284839124744810e-01
2.166462414707048811e-01
3.858474923944015256e-01
3.656513519516153554e-01
-7.563176352483647058e-02
8.146575239000934943e-01
-6.913687796576093447e-01
4.084771674571143762e-01
-6.971788738000757046e-01
3.136105793183432411e-01
9.572434491498889031e-01
9.855861482716226085e-01
-7.868958369855529877e-01
-5.260430199624563929e-01
-8.306276525357265683e-01
3.910892636562555147e-01
-4.564713124206560835e-01
7.678701624761836708e-01
-3.682930756053837129e-01
1.390878498691299203e-01
6.984274185452732375e-02
8.237376334591095528e-03
-2.539325204707809647e-01
8.836556646138074012e-01
-1.140216695371130129e-01
3.191894598390665472e-02
-6.031261209112439570e-01
-3.450266828247858797e-01
6.824032222687101967e-01
9.995071984171401969e-01
2.497659013589699217e-01
2.773873736085368247e-01
3.341111165303556341e-01
-3.967756098511023843e-01
-3.684778169910516432e-01
5.927907275672352760e-01
4.499104608184543164e-01
-7.286145117862126153e-01
-4.185317660188823119e-01
-4.654097915411634645e-01
-7.825127796882456188e-01
-5.426739010485528425e-01
-4.885432253622030707e-01
9.029609047437270331e-01
-5.486955850791130906e-02
-7.696818773418394599e-01
3.441940030326151589e-01
3.100024257286271290e-01
-6.868042828510159126e-01
-6.377848659418414723e-01
-4.709283718850338918e-01
-6.236145658204241826e-01
3.379369213672165362e-01
7.856207126742880131e-01
-9.142922210624180313e-01
-2.290188756727662422e-01
7.968457547943468278e-01
3.031757583427667768e-01
-7.254415951735908585e-01
-6.489653156096404363e-01
4.695433438314926544e-01
6.695980048327954126e-01
-6.235523562559179833e-01
6.872371262316026019e-01
5.311641467904308911e-01
1.328010522566369644e-02
2.733535656545378334e-01
7.644045801928509576e-01
-6.952658836904850315e-01
2.468993867694306843e-01
-2.260861042252153563e-01
2.668541590953075193e-01
3.609849883598448272e-02
-4.418151386175821482e-01
1.822556651615898637e-01
-7.148773008052913269e-01
-3.096479256265363134e-01
-8.999477637159818411e-01
-5.187718420527158703e-01
-7.410528736448649401e-01
-8.871976521331537135e-01
-9.970614560577395480e-02
7.928975814729712912e-01
6.950755516911635290e-01
2.897304491071157617e-01
2.403565683137689479e-01
4.426304222269896727e-01
-8.501343954637086142e-03
4.147190390243982172e-01
-2.739139812084403491e-01
3.151491629885303514e-01
-3.398903360857321587e-01
2.523643720874342300e-01
