5.724457805050267023e-01
-2.819665618031318988e-01
4.627784880650221977e-01
-6.469819347235488127e-01
7.861075965685392353e-01
-2.472079868130520608e-01
9.245359837318281038e-01
5.952332707543956936e-01
-8.600153654669406844e-02
-1.000000000000000000e+00
3.306263344881308353e-01
-7.129910064160072114e-01
-5.001418200507057321e-01
-2.746233768915646856e-01
3.077945981042081725e-01
-1.588344480109995516e-01
-8.388979065022530435e-01
-7.688058250691613971e-01
-6.619605928114458138e-01
7.373539197744152784e-02
2.778756405789238326e-01
1.775774668682595370e-01
-5.297728519510456202e-01
-2.153307385004812335e-01
7.786591827838686974e-01
-1.428286793750969119e-01
-6.701742978149758390e-01
-1.000000000000000000e+00
-1.265107527176867752e-01
2.905017888865825126e-01
-5.458913346508094122e-01
3.517406231440057818e-01
-1.860698251883775300e-01
-2.436358682535857412e-01
-2.357523401771019489e-01
1.387817555518965906e-01
-4.166393899444751914e-01
2.221181955095984650e-01
-4.409111136837816636e-01
9.213313684628818834e-01
1.000000000000000000e+00
-1.027298421036103443e-01
-8.975162342230522672e-01
9.270599915028931992e-01
-4.592215450837566770e-01
7.985506429686849428e-01
-8.823683202341858767e-01
1.000000000000000000e+00
-3.826251517018386394e-01
9.713345578353138610e-01
-2.988128683575965727e-01
3.213323655490832875e-01
7.191600283260292104e-01
3.767076118397896245e-01
-2.403975873416339670e-01
1.000000000000000000e+00
6.302527414916787585e-01
-2.351053895602050747e-01
9.329902230327626889e-01
1.212442034577697336e-01
-5.813629111078855161e-01
4.546830252033781106e-01
-3.781167859920662178e-01
2.332812536963653482e-02
1.554972169776280555e-01
-1.608772307447594307e-01
4.865498059907218398e-01
-1.000000000000000000e+00
2.970143363817623339e-01
-1.685082906609595699e-01
-2.727240577531486743e-01
-7.358592157332115580e-01
4.021366132121738657e-01
-3.602703030501288040e-01
-9.280881161002826341e-01
-4.903599893366671347e-01
5.406567474686256869e-01
-2.751410338784239795e-01
-5.103033291654670567e-01
-1.639633012877039497e-01
-8.245719027118525446e-02
-9.252341365736470591e-01
-9.791968888505752089e-01
-9.078616450416107098e-01
-8.663881275932177051e-01
6.032855989588129658e-02
1.000000000000000000e+00
-5.335237690858852799e-01
-5.923946001997971722e-01
1.000000000000000000e+00
2.943781053388245805e-01
-6.539545717965646876e-01
1.009614096616499868e-01
-7.304484576406606866e-01
-9.932459880141488728e-01
-1.403753081427080995e-01
5.536532908994860058e-01
5.699512391626289365e-02
-2.137268061344327341e-01
8.983964257094810835e-01
5.623012930907760332e-01
-5.446029244619916554e-01
9.673642497106744731e-01
6.306425469020102703e-01
1.515000575960044338e-01
4.602656718939197589e-01
9.332321983240579044e-01
6.626161244964688946e-01
-6.776184091469583670e-01
5.806506682683846288e-01
9.835114692106310397e-01
-4.222236648732573538e-01
3.075447796883841178e-01
-4.824578781971347041e-01
-5.142588800603948851e-01
-4.599269262515505718e-01
-1.887185770477002311e-01
-6.345354086789348758e-01
4.734838800688062621e-01
-1.894576875377773084e-01
-6.529289751520332974e-01
4.992854025086645997e-01
1.363403019822800599e-01
-1.597817157392296683e-01
4.248053032728543177e-01
-3.811262157579805021e-01
-3.351989356376294249e-01
4.840198522382920809e-01
-8.507257991856620460e-01
1.000000000000000000e+00
-3.041346347153629434e-02
-6.102884075406136422e-01
-1.441800962214811188e-01
-4.016936218705971506e-01
-6.159257236412675196e-01
5.688863649001207889e-01
4.876209464793087589e-01
-1.171253953171947082e-01
-3.616982996381891136e-01
3.713075876577705270e-02
5.127476719985136766e-01
-5.012466727382045573e-01
6.474003097049225719e-01
5.211464246319192917e-01
9.403723800892201945e-01
-8.655490718091707336e-01
7.664298334393179202e-01
1.000000000000000000e+00
-8.126872779861171736e-02
-6.976225420471586780e-01
5.639329748989927449e-01
2.161302728389354888e-01
1.000000000000000000e+00
-4.446160578154236820e-01
-4.457790158026854188e-01
-3.170940689444148308e-01
7.331287710426441784e-01
1.000000000000000000e+00
8.002734907618405114e-01
1.000000000000000000e+00
5.924417848814806931e-01
-9.371771618057096465e-01
-1.191853332575175395e-01
3.716403048347597382e-01
4.416676334592721798e-01
-2.511805836006548720e-01
6.300970664195262860e-02
-2.247952152730681719e-01
6.373713721015046296e-01
-4.714504134083677411e-01
-3.703253168123914474e-01
5.609699523857781811e-01
3.706422625307862484e-01
2.503526992623855696e-01
-3.005310522108046722e-01
-2.847456544122722866e-01
-5.822312337499915835e-02
5.022182532248444797e-01
-2.488173967797619457e-01
3.005282735190533128e-01
-6.968304608211609574e-01
4.724739650798036594e-01
6.204139562768248295e-01
-6.185740167796784927e-01
-2.752665318656316584e-01
-4.521425249720605333e-01
3.813709465420785927e-01
-9.549083289124948859e-01
-4.275350003134250620e-01
7.383960730825947505e-02
-1.128184952654240486e-01
-8.642739510310352147e-01
-3.845527184242832353e-01
5.268821617032896087e-01
7.068151814895158314e-01
3.041831709580657406e-01
9.911041081726212898e-01
1.570529984530066592e-01
-6.045409186309765731e-02
9.707985530365998983e-01
-1.179178332800994156e-01
-2.042709150488974945e-01
4.031344081448932082e-01
-8.765005133763585921e-01
-8.628057915160983193e-02
3.110328303849609899e-01
1.000000000000000000e+00
-1.170713011643849909e-02
-1.569920177915446191e-01
-6.054798765142587191e-01
-5.485340919461365594e-01
-8.178602204441015600e-01
3.873359974679580486e-01
3.182844899979836439e-02
-3.632080653156030126e-01
-8.882836476070000709e-01
4.740444535573440366e-01
3.213449178233881987e-01
-9.194993721499948869e-01
9.356469854032094524e-01
1.268905133149391129e-01
7.646516887228197445e-01
-3.890800823362533523e-01
2.095843417513198470e-01
5.184488209001445469e-01
-1.402349789675421954e-01
-2.837408526787828511e-01
5.097231525939620589e-01
9.811204663896587741e-01
4.341757568168561621e-01
7.531713200063947511e-01
3.698659916316903717e-01
-5.420602535113621112e-01
-7.833631195660148983e-01
6.349027420581911940e-01
3.558393056249186670e-01
-2.597770349647682830e-01
-7.247820581094853720e-01
3.619265721250723988e-01
-4.160417125041381836e-01
5.101670072836361758e-01
8.606575997748827644e-01
6.265519238228995924e-01
4.732999148975497450e-01
4.585719301835343709e-01
-6.897515903497066780e-01
-1.442629236711985286e-01
-7.180620803732876145e-02
5.101770531653766483e-01
-6.703159065467995115e-02
8.633713688768522854e-01
2.909496709591722352e-01
-1.164988010258210249e-01
-7.024356180187722731e-02
2.104142213461841493e-01
9.106659372128420582e-01
1.000000000000000000e+00
7.290617808524899046e-02
3.899563574980691172e-01
-5.370222824204504697e-01
-5.590696990770304131e-01
-1.000000000000000000e+00
-3.021975502303443917e-01
6.839629007822132234e-01
-7.024765395230891940e-01
